-360.000000
-360.000000
-360.000000
-360.000000
-360.000000
-360.000000
-360.000000
-360.000000
-360.000000
-360.000000
-360.000000
-360.000000
-360.000000
-360.000000
-360.000000
238.499969
238.499969
238.499969
238.499969
234.000015
234.000015
234.000015
238.499969
238.499969
238.499969
234.000015
234.000015
234.000015
238.499969
238.499969
238.499969
-360.000000
-360.000000
-360.000000
-360.000000
-360.000000
-360.000000
-360.000000
-360.000000
-360.000000
-360.000000
-360.000000
-360.000000
-360.000000
-360.000000
-360.000000
-360.000000
-360.000000
-360.000000
-360.000000
-360.000000
-360.000000
-360.000000
-360.000000
-360.000000
-360.000000
-360.000000
-360.000000
-360.000000
-360.000000
-360.000000
-360.000000
-360.000000
-360.000000
-360.000000
-360.000000
-360.000000
-360.000000
-360.000000
-360.000000
-360.000000
-360.000000
-360.000000
-360.000000
-360.000000
-360.000000
-360.000000
-360.000000
-360.000000
-360.000000
-360.000000
-360.000000
-360.000000
-360.000000
-360.000000
-360.000000
238.499969
238.499969
238.499969
238.499969
238.499969
238.499969
238.499969
238.499969
238.499969
238.499969
238.499969
238.499969
238.499969
238.499969
238.499969
238.499969
238.499969
238.499969
238.499969
238.499969
238.499969
238.499969
226.731293
226.731293
226.731293
226.731293
226.731293
226.731293
226.731293
226.731293
226.731293
226.731293
226.731293
226.731293
226.731293
226.731293
226.731293
226.731293
226.731293
226.731293
226.731293
238.499969
238.499969
238.499969
238.499969
226.731293
226.731293
226.731293
226.731293
226.731293
226.731293
234.000427
234.000427
234.000427
234.000427
234.000427
234.000427
234.000427
234.000427
234.000427
234.000427
234.000427
234.000427
234.000427
234.000427
234.000427
234.000427
234.000427
234.000427
234.000427
234.000427
234.000427
234.000427
-360.000000
-360.000000
-360.000000
-360.000000
214.954041
214.954041
214.954041
248.373947
248.373947
248.373947
248.373947
248.373947
248.373947
246.726379
246.726379
246.726379
246.726379
246.726379
246.726379
246.726379
-360.000000
-360.000000
-360.000000
-360.000000
-360.000000
-360.000000
-360.000000
-360.000000
-360.000000
-360.000000
-360.000000
-360.000000
-360.000000
-360.000000
-360.000000
-360.000000
-360.000000
-360.000000
-360.000000
-360.000000
-360.000000
-360.000000
-360.000000
-360.000000
-360.000000
-360.000000
-360.000000
-360.000000
-360.000000
-360.000000
-360.000000
-360.000000
-360.000000
-360.000000
-360.000000
240.806152
240.806152
240.806152
240.806152
240.806152
240.806152
240.806152
240.806152
240.806152
240.806152
240.806152
240.806152
240.806152
240.806152
240.806152
240.806152
240.806152
240.806152
240.806152
240.806152
240.806152
240.806152
240.806152
240.806152
240.806152
240.806152
240.806152
240.806152
240.806152
246.726379
246.726379
246.726379
-360.000000
-360.000000
-360.000000
-360.000000
-360.000000
-360.000000
-360.000000
-360.000000
-360.000000
-360.000000
-360.000000
-360.000000
-360.000000
-360.000000
-360.000000
-360.000000
-360.000000
-360.000000
-360.000000
-360.000000
-360.000000
-360.000000
-360.000000
-360.000000
-360.000000
-360.000000
-360.000000
-360.000000
-360.000000
246.726379
246.726379
246.726379
240.806152
240.806152
240.806152
198.000031
198.000031
198.000031
263.141388
263.141388
263.141388
266.753876
266.753876
266.753876
266.753876
266.753876
266.753876
266.753876
-360.000000
-360.000000
-360.000000
-360.000000
-360.000000
-360.000000
-360.000000
-360.000000
-360.000000
234.000015
234.000015
234.000015
234.000015
234.000015
234.000015
234.000015
234.000015
234.000015
234.000015
234.000015
234.000015
234.000015
238.499969
238.499969
238.499969
238.499969
238.499969
238.499969
238.499969
238.499969
238.499969
238.499969
238.499969
238.499969
238.499969
238.499969
238.499969
238.499969
238.499969
238.499969
238.499969
238.499969
238.499969
238.499969
238.499969
238.499969
238.499969
238.499969
238.499969
238.499969
238.499969
238.499969
238.499969
238.499969
233.999954
233.999954
233.999954
238.499969
238.499969
238.499969
238.499969
233.999954
233.999954
233.999954
238.499969
238.499969
238.499969
238.499969
238.499969
238.499969
238.499969
238.499969
238.499969
238.499969
238.499969
238.499969
238.499969
238.499969
238.499969
238.499969
238.499969
238.499969
238.499969
238.499969
238.499969
238.499969
238.499969
238.499969
238.499969
238.499969
238.499969
238.499969
238.499969
238.499969
238.499969
238.499969
238.499969
238.499969
238.499969
238.499969
238.499969
238.499969
238.499969
238.499969
238.499969
238.499969
238.499969
238.499969
238.499969
233.999954
233.999954
233.999954
234.000015
234.000015
234.000015
234.000015
234.000015
234.000015
234.000015
234.000015
234.000015
234.000015
234.000015
234.000015
234.000015
238.499969
238.499969
238.499969
238.499969
238.499969
238.499969
238.499969
238.499969
238.499969
238.499969
238.499969
238.499969
238.499969
238.499969
238.499969
238.499969
238.499969
238.499969
238.499969
238.499969
238.499969
238.499969
238.499969
238.499969
238.499969
238.499969
238.499969
238.499969
238.499969
238.499969
238.499969
238.499969
233.999954
233.999954
233.999954
233.999954
233.999954
233.999954
238.499969
238.499969
238.499969
238.499969
238.499969
238.499969
238.499969
238.499969
238.499969
238.499969
238.499969
238.499969
238.499969
238.499969
238.499969
238.499969
233.999954
233.999954
233.999954
238.499969
238.499969
238.499969
238.499969
238.499969
238.499969
238.499969
238.499969
238.499969
238.499969
238.499969
238.499969
238.499969
238.499969
238.499969
238.499969
238.499969
238.499969
238.499969
-360.000000
-360.000000
-360.000000
-360.000000
-360.000000
-360.000000
-360.000000
-360.000000
-360.000000
-360.000000
-360.000000
-360.000000
-360.000000
-360.000000
-360.000000
-360.000000
-360.000000
-360.000000
-360.000000
-360.000000
-360.000000
-360.000000
-360.000000
-360.000000
-360.000000
-360.000000
-360.000000
-360.000000
-360.000000
-360.000000
-360.000000
-360.000000
-360.000000
-360.000000
-360.000000
-360.000000
-360.000000
-360.000000
-360.000000
-360.000000
-360.000000
-360.000000
-360.000000
-360.000000
-360.000000
-360.000000
-360.000000
-360.000000
-360.000000
-360.000000
-360.000000
-360.000000
238.499969
238.499969
238.499969
238.499969
238.499969
238.499969
238.499969
238.499969
238.499969
238.499969
238.499969
238.499969
238.499969
238.499969
238.499969
238.499969
238.499969
238.499969
238.499969
238.499969
238.499969
238.499969
238.499969
238.499969
238.499969
238.499969
238.499969
238.499969
238.499969
238.499969
238.499969
238.499969
238.499969
238.499969
238.499969
238.499969
238.499969
238.499969
227.283371
227.283371
227.283371
227.283371
227.283371
227.283371
227.283371
227.283371
227.283371
227.283371
224.910995
224.910995
224.910995
224.910995
224.910995
224.910995
224.910995
224.910995
224.910995
224.910995
224.910995
224.910995
224.910995
224.910995
224.910995
224.910995
224.910995
224.910995
224.910995
-360.000000
-360.000000
-360.000000
227.283371
227.283371
227.283371
226.731293
226.731293
226.731293
226.731293
226.731293
226.731293
226.731293
226.731293
226.731293
226.731293
226.731293
226.731293
226.731293
226.731293
226.731293
226.731293
231.631302
231.631302
231.631302
231.631302
231.631302
231.631302
231.631302
229.245361
229.245361
229.245361
231.631302
231.631302
231.631302
231.631302
231.631302
231.631302
231.631302
231.631302
231.631302
231.631302
231.631302
231.631302
231.631302
231.631302
231.631302
231.631302
231.631302
231.631302
231.631302
229.500015
229.500015
229.500015
229.500015
229.500015
229.500015
229.500015
229.500015
229.500015
229.500015
229.500015
229.500015
229.500015
229.500015
229.500015
229.500015
229.500015
229.500015
229.500015
224.546249
224.546249
224.546249
229.078201
229.078201
229.078201
229.078201
231.631302
231.631302
231.631302
231.631302
231.631302
231.631302
229.500015
229.500015
229.500015
229.500015
229.500015
229.500015
229.500015
229.500015
229.500015
229.500015
229.500015
229.500015
229.500015
229.500015
229.500015
229.500015
229.078201
229.078201
229.078201
229.078201
229.078201
229.078201
229.078201
229.078201
229.078201
229.078201
229.078201
229.078201
229.078201
229.078201
229.078201
229.078201
229.078201
229.078201
229.078201
229.078201
229.078201
229.078201
229.078201
229.078201
229.078201
229.078201
229.078201
229.078201
229.078201
229.078201
229.078201
229.078201
229.078201
229.078201
229.078201
229.078201
229.078201
229.078201
229.078201
229.078201
229.078201
229.078201
229.078201
229.078201
229.078201
229.078201
229.078201
229.078201
229.078201
229.078201
229.078201
229.078201
229.078201
229.078201
229.078201
229.078201
229.078201
229.078201
229.078201
229.078201
229.078201
229.078201
229.078201
229.078201
229.078201
229.078201
229.078201
229.078201
229.078201
229.078201
229.078201
229.078201
229.078201
229.078201
229.078201
229.078201
229.078201
229.078201
229.078201
229.078201
229.078201
229.078201
229.078201
229.078201
229.078201
229.078201
229.078201
229.078201
229.078201
229.078201
229.078201
229.078201
229.078201
234.000015
234.000015
234.000015
234.000015
234.000015
234.000015
234.000015
234.000015
234.000015
234.000015
234.000015
234.000015
234.000015
234.000015
234.000015
234.000015
234.000015
234.000015
234.000015
234.000015
234.000015
234.000015
234.000015
234.000015
234.000015
-360.000000
-360.000000
-360.000000
-360.000000
-360.000000
-360.000000
-360.000000
-360.000000
-360.000000
-360.000000
-360.000000
-360.000000
-360.000000
-360.000000
-360.000000
-360.000000
-360.000000
-360.000000
-360.000000
-360.000000
-360.000000
-360.000000
-360.000000
-360.000000
-360.000000
-360.000000
-360.000000
-360.000000
-360.000000
-360.000000
-360.000000
-360.000000
-360.000000
-360.000000
-360.000000
-360.000000
-360.000000
-360.000000
-360.000000
-360.000000
-360.000000
-360.000000
-360.000000
-360.000000
-360.000000
-360.000000
-360.000000
-360.000000
-360.000000
-360.000000
-360.000000
-360.000000
-360.000000
-360.000000
-360.000000
-360.000000
-360.000000
-360.000000
-360.000000
-360.000000
-360.000000
-360.000000
-360.000000
-360.000000
-360.000000
-360.000000
-360.000000
-360.000000
-360.000000
-360.000000
-360.000000
-360.000000
-360.000000
-360.000000
-360.000000
-360.000000
-360.000000
-360.000000
-360.000000
-360.000000
-360.000000
-360.000000
-360.000000
-360.000000
-360.000000
-360.000000
-360.000000
-360.000000
-360.000000
-360.000000
-360.000000
-360.000000
-360.000000
-360.000000
-360.000000
-360.000000
-360.000000
-360.000000
-360.000000
-360.000000
-360.000000
-360.000000
-360.000000
-360.000000
-360.000000
-360.000000
-360.000000
-360.000000
-360.000000
-360.000000
-360.000000
-360.000000
-360.000000
-360.000000
-360.000000
-360.000000
-360.000000
-360.000000
-360.000000
-360.000000
-360.000000
-360.000000
-360.000000
-360.000000
-360.000000
-360.000000
-360.000000
-360.000000
-360.000000
-360.000000
-360.000000
-360.000000
-360.000000
-360.000000
-360.000000
-360.000000
-360.000000
-360.000000
-360.000000
-360.000000
-360.000000
-360.000000
-360.000000
-360.000000
-360.000000
-360.000000
-360.000000
-360.000000
-360.000000
-360.000000
-360.000000
-360.000000
-360.000000
-360.000000
-360.000000
-360.000000
-360.000000
-360.000000
-360.000000
-360.000000
-360.000000
-360.000000
-360.000000
-360.000000
-360.000000
-360.000000
-360.000000
-360.000000
-360.000000
-360.000000
-360.000000
-360.000000
-360.000000
-360.000000
-360.000000
-360.000000
-360.000000
-360.000000
-360.000000
-360.000000
-360.000000
-360.000000
-360.000000
-360.000000
-360.000000
-360.000000
-360.000000
-360.000000
-360.000000
-360.000000
-360.000000
-360.000000
-360.000000
-360.000000
-360.000000
-360.000000
-360.000000
-360.000000
-360.000000
-360.000000
-360.000000
-360.000000
-360.000000
-360.000000
