-360.000000
-360.000000
-360.000000
-360.000000
-360.000000
-360.000000
-360.000000
-360.000000
-360.000000
-360.000000
-360.000000
-360.000000
-360.000000
-360.000000
-360.000000
-360.000000
-360.000000
-360.000000
-360.000000
-360.000000
-360.000000
-360.000000
-360.000000
-360.000000
-360.000000
-360.000000
-360.000000
-360.000000
-360.000000
-360.000000
-360.000000
-360.000000
-360.000000
-360.000000
-360.000000
-360.000000
-360.000000
-360.000000
-360.000000
-360.000000
-360.000000
-360.000000
-360.000000
-360.000000
-360.000000
-360.000000
-360.000000
-360.000000
-360.000000
-360.000000
-360.000000
-360.000000
-360.000000
-360.000000
-360.000000
-360.000000
-360.000000
-360.000000
-360.000000
-360.000000
-360.000000
-360.000000
-360.000000
-360.000000
-360.000000
-360.000000
-360.000000
-360.000000
-360.000000
-360.000000
18.000032
18.000032
18.000032
13.339119
13.339119
13.339119
18.000032
18.000032
18.000032
18.000032
18.000032
18.000032
18.000032
18.000032
18.000032
18.000032
18.000032
18.000032
18.000032
18.000032
18.000032
18.000032
13.339119
13.339119
13.339119
13.339119
13.339119
13.339119
13.339119
13.339119
13.339119
13.339119
17.999998
17.999998
17.999998
17.999998
17.999998
17.999998
17.999945
17.999945
17.999945
18.000048
18.000048
18.000048
18.000048
18.000048
18.000048
18.000048
18.000048
18.000048
18.000048
18.000048
18.000048
18.000048
18.000048
18.000048
18.000048
18.000034
18.000034
18.000034
18.000034
18.000034
18.000034
18.000034
18.000034
18.000034
18.000034
18.000034
18.000034
18.000034
18.000034
18.000034
18.000034
18.000034
18.000034
18.000034
18.000034
18.000034
18.000034
18.000034
18.000034
18.000034
18.000034
-360.000000
-360.000000
-360.000000
-360.000000
-360.000000
-360.000000
18.000034
18.000034
18.000034
18.000034
18.000034
18.000034
18.000034
18.000034
18.000034
18.000034
18.000034
18.000034
18.000034
18.000034
18.000034
18.000034
18.000034
18.000034
18.000034
18.000034
18.000034
18.000034
18.000034
11.193829
11.193829
11.193829
13.339119
13.339119
13.339119
10.731278
10.731278
10.731278
13.739721
13.739721
13.739721
13.739721
13.739721
13.739721
13.739721
13.739721
13.739721
13.739721
13.739721
13.739721
13.739721
-360.000000
-360.000000
-360.000000
-360.000000
-360.000000
-360.000000
-360.000000
-360.000000
-360.000000
-360.000000
-360.000000
-360.000000
-360.000000
-360.000000
-360.000000
-360.000000
-360.000000
-360.000000
-360.000000
-360.000000
-360.000000
-360.000000
-360.000000
-360.000000
-360.000000
-360.000000
-360.000000
-360.000000
-360.000000
-360.000000
-360.000000
-360.000000
-360.000000
-360.000000
-360.000000
-360.000000
-360.000000
-360.000000
-360.000000
-360.000000
-360.000000
-360.000000
-360.000000
-360.000000
-360.000000
-360.000000
-360.000000
-360.000000
-360.000000
-360.000000
-360.000000
-360.000000
-360.000000
-360.000000
-360.000000
-360.000000
-360.000000
-360.000000
-360.000000
-360.000000
-360.000000
-360.000000
-360.000000
-360.000000
-360.000000
-360.000000
-360.000000
-360.000000
-360.000000
-360.000000
-360.000000
-360.000000
-360.000000
-360.000000
-360.000000
-360.000000
-360.000000
-360.000000
-360.000000
-360.000000
13.739721
13.739721
13.739721
13.739721
13.739721
13.739721
13.739721
13.739721
13.739721
13.739721
13.739721
13.739721
13.739721
13.563415
13.563415
13.563415
13.563415
13.563415
13.563415
13.563415
13.563415
13.563415
13.563415
-360.000000
-360.000000
-360.000000
-360.000000
-360.000000
-360.000000
13.739721
13.739721
13.739721
13.739721
13.739721
13.739721
13.739721
13.739721
13.739721
13.739721
13.739721
13.739721
13.739721
13.739721
13.739721
13.739721
13.739721
13.739721
13.739721
13.739721
13.739721
13.739721
13.739721
13.739721
13.739721
13.739721
13.739721
13.739721
13.739721
13.739721
13.739721
13.739721
13.739721
13.739721
13.739721
8.999977
8.999977
8.999977
8.999977
8.999977
8.999977
8.999977
13.739721
13.739721
13.739721
13.563415
13.563415
13.563415
13.739721
13.739721
13.739721
13.563415
13.563415
13.563415
13.563415
13.563415
13.563415
13.563415
13.563415
13.563415
13.563415
13.563415
13.563415
13.563415
13.563415
13.563415
13.563415
13.563415
13.563415
13.563415
13.563415
13.563415
13.563415
13.563415
13.563415
13.563415
13.563415
13.563415
13.563415
13.563415
18.000034
18.000034
18.000034
9.129562
9.129562
9.129562
9.129562
9.129562
9.129562
9.129562
9.129562
9.129562
9.129562
9.129562
9.129562
9.129562
9.129562
9.129562
9.129562
10.228406
10.228406
10.228406
10.731278
10.731278
10.731278
10.731278
8.910999
8.910999
8.910999
8.910999
8.910999
8.910999
13.339119
13.339119
13.339119
13.339119
13.339119
13.339119
8.910999
8.910999
8.910999
8.910999
8.910999
8.910999
8.910999
8.910999
8.910999
8.910999
13.339119
13.339119
13.339119
8.910999
8.910999
8.910999
13.339119
13.339119
13.339119
13.339119
13.339119
13.339119
13.339119
13.339119
13.339119
13.339119
13.339119
13.339119
13.339119
17.999973
17.999973
17.999973
17.999973
17.999973
17.999973
17.999973
10.731278
10.731278
10.731278
11.283376
11.283376
11.283376
17.999973
17.999973
17.999973
17.999973
17.999973
17.999973
17.999973
17.999973
17.999973
17.999973
17.999973
17.999973
17.999973
17.999973
17.999973
17.999973
17.999973
17.999973
17.999973
13.339119
13.339119
13.339119
12.707402
12.707402
12.707402
12.707402
12.707402
12.707402
12.707402
-360.000000
-360.000000
-360.000000
-360.000000
-360.000000
-360.000000
-360.000000
-360.000000
-360.000000
-360.000000
-360.000000
-360.000000
-360.000000
-360.000000
-360.000000
-360.000000
-360.000000
-360.000000
-360.000000
-360.000000
-360.000000
-360.000000
-360.000000
-360.000000
-360.000000
-360.000000
-360.000000
-360.000000
-360.000000
-360.000000
-360.000000
-360.000000
-360.000000
-360.000000
-360.000000
-360.000000
-360.000000
-360.000000
-360.000000
-360.000000
-360.000000
-360.000000
-360.000000
-360.000000
-360.000000
12.707402
12.707402
12.707402
12.707402
12.707402
12.707402
12.707402
12.707402
12.707402
12.707402
12.707402
12.707402
12.707402
12.707402
12.707402
12.707402
12.707402
12.707402
12.707402
12.707402
12.707402
12.707402
12.707402
12.707402
12.707402
13.078129
13.078129
13.078129
13.078129
13.078129
13.078129
13.078129
13.078129
13.078129
13.078129
13.078129
13.078129
13.078129
13.078129
13.078129
13.078129
13.078129
13.078129
13.078129
13.078129
13.078129
13.078129
13.078129
13.078129
13.078129
13.078129
13.078129
13.078129
13.078129
13.078129
13.078129
13.078129
13.078129
13.078129
13.078129
-360.000000
-360.000000
-360.000000
-360.000000
-360.000000
-360.000000
-360.000000
-360.000000
-360.000000
-360.000000
-360.000000
-360.000000
-360.000000
-360.000000
-360.000000
-360.000000
13.078129
13.078129
13.078129
13.078129
13.078129
13.078129
13.078129
13.078129
13.078129
13.078129
13.078129
13.078129
13.078129
12.707402
12.707402
12.707402
12.707402
12.707402
12.707402
12.707402
12.707402
12.707402
12.707402
12.707402
12.707402
12.707402
8.494313
8.494313
8.494313
8.494313
8.494313
8.494313
8.494313
8.494313
8.494313
8.494313
8.494313
8.494313
8.494313
8.494313
8.494313
8.494313
8.494313
8.494313
8.494313
8.494313
8.494313
8.494313
8.494313
8.494313
8.494313
8.494313
8.494313
8.494313
8.494313
8.494313
8.494313
8.494313
8.494313
8.494313
8.494313
8.494313
8.494313
8.494313
8.494313
8.494313
8.494313
8.494313
8.494313
8.494313
8.494313
13.339119
13.339119
13.339119
8.750646
8.750646
8.750646
13.339119
13.339119
13.339119
13.339119
13.339119
13.339119
13.339119
13.339119
13.339119
13.339119
13.339119
13.339119
13.339119
13.339119
13.339119
13.339119
13.339119
13.339119
13.339119
8.750646
8.750646
8.750646
8.750646
8.750646
8.750646
8.750646
8.910999
8.910999
8.910999
8.910999
8.910999
8.910999
8.910999
8.910999
8.910999
8.910999
8.910999
8.910999
8.910999
8.910999
8.910999
8.910999
8.910999
8.910999
8.910999
8.910999
8.910999
8.910999
8.910999
8.910999
8.910999
8.910999
8.910999
8.910999
8.910999
8.910999
8.910999
8.910999
8.910999
8.910999
8.910999
8.910999
8.910999
8.910999
8.910999
8.910999
8.910999
8.910999
8.910999
8.910999
8.910999
8.910999
8.910999
8.910999
8.910999
8.910999
8.910999
8.910999
8.910999
8.910999
8.910999
8.910999
8.910999
13.339119
13.339119
13.339119
13.339119
8.910999
8.910999
8.910999
8.910999
8.910999
8.910999
8.910999
8.910999
8.910999
8.910999
8.910999
8.910999
13.339119
13.339119
13.339119
13.339119
8.910999
8.910999
8.910999
8.910999
8.910999
8.910999
8.910999
8.910999
8.910999
13.339119
13.339119
13.339119
13.339119
13.339119
13.339119
13.339119
13.339119
13.339119
13.339119
13.339119
13.339119
13.339119
11.283376
11.283376
11.283376
11.283376
11.283376
11.283376
-360.000000
-360.000000
-360.000000
-360.000000
-360.000000
-360.000000
-360.000000
-360.000000
-360.000000
-360.000000
-360.000000
-360.000000
-360.000000
-360.000000
-360.000000
-360.000000
-360.000000
-360.000000
-360.000000
-360.000000
-360.000000
-360.000000
-360.000000
-360.000000
-360.000000
-360.000000
-360.000000
-360.000000
-360.000000
-360.000000
-360.000000
-360.000000
-360.000000
-360.000000
-360.000000
-360.000000
-360.000000
-360.000000
-360.000000
-360.000000
-360.000000
-360.000000
-360.000000
-360.000000
-360.000000
-360.000000
-360.000000
-360.000000
-360.000000
-360.000000
-360.000000
-360.000000
-360.000000
-360.000000
-360.000000
-360.000000
-360.000000
-360.000000
-360.000000
-360.000000
-360.000000
-360.000000
-360.000000
-360.000000
-360.000000
-360.000000
-360.000000
-360.000000
-360.000000
-360.000000
-360.000000
-360.000000
-360.000000
-360.000000
-360.000000
-360.000000
-360.000000
-360.000000
-360.000000
-360.000000
-360.000000
-360.000000
-360.000000
-360.000000
-360.000000
-360.000000
-360.000000
-360.000000
-360.000000
-360.000000
-360.000000
-360.000000
-360.000000
-360.000000
-360.000000
-360.000000
-360.000000
-360.000000
-360.000000
-360.000000
-360.000000
-360.000000
-360.000000
-360.000000
-360.000000
-360.000000
-360.000000
-360.000000
-360.000000
-360.000000
-360.000000
-360.000000
-360.000000
-360.000000
-360.000000
-360.000000
-360.000000
-360.000000
-360.000000
-360.000000
-360.000000
-360.000000
-360.000000
-360.000000
-360.000000
-360.000000
-360.000000
-360.000000
-360.000000
-360.000000
-360.000000
-360.000000
-360.000000
-360.000000
-360.000000
-360.000000
-360.000000
-360.000000
-360.000000
-360.000000
-360.000000
-360.000000
-360.000000
-360.000000
-360.000000
-360.000000
-360.000000
-360.000000
-360.000000
-360.000000
-360.000000
-360.000000
-360.000000
-360.000000
-360.000000
-360.000000
-360.000000
-360.000000
-360.000000
-360.000000
-360.000000
-360.000000
-360.000000
-360.000000
-360.000000
-360.000000
-360.000000
-360.000000
-360.000000
-360.000000
-360.000000
-360.000000
-360.000000
-360.000000
-360.000000
-360.000000
-360.000000
-360.000000
-360.000000
-360.000000
-360.000000
-360.000000
-360.000000
-360.000000
-360.000000
-360.000000
-360.000000
-360.000000
-360.000000
-360.000000
-360.000000
-360.000000
-360.000000
-360.000000
-360.000000
-360.000000
